measure (mm)                NAW    AFR    SD   african     asian caucasian      NHV6      CVD4      CVD1      KSI2     NHV13     NHV20
face width zy-zy          137.0  137.0   5.0     137.2     142.6     135.0     133.5     130.7     142.5     148.4     137.8     144.2
face height n-gn          121.3  128.0   6.0     129.3     124.6     124.4     123.2     126.1     137.8     124.6     129.4     129.7
forehead height tr-n       67.1   72.0   7.5      62.7      66.9      67.5      68.7      63.3      66.8      68.3      69.4      66.7
nose height n-sn           54.8   51.5   3.3      52.0      52.4      51.9      51.7      51.9      52.7      52.8      52.5      52.1
lower face sn-me           72.6   77.5   4.5      77.3      72.2      72.5      71.5      74.2      85.1      71.8      76.9      77.6
upper lip sn-sto           22.3   25.8   2.1      25.4      23.2      23.5      23.4      25.1      24.6      23.6      25.3      23.7
lower lip+chin sto-me      50.3   51.7   4.0      51.9      49.0      49.0      48.1      49.1      60.5      48.3      51.6      53.9
intercanthal en-en         33.3   34.0   2.7      30.0      33.0      29.5      29.0      28.9      31.4      33.5      30.0      31.5
biocular ex-ex             91.2   97.5   3.0      97.3      93.9      92.8      91.8      92.5     100.1      97.2      95.9     100.2
eye width ex-en            31.3   33.5   1.3      33.6      30.4      31.7      31.4      31.8      34.4      31.9      33.0      34.4
nose width al-al           34.9   43.6   2.1      43.6      35.9      34.9      36.1      40.5      40.1      39.7      40.2      38.4
mouth width ch-ch          54.5   55.2   3.0      55.1      51.8      54.4      57.0      50.5      56.9      55.0      59.2      55.9
jaw width go-go            97.0  100.0   6.0     110.3     105.0     101.6      99.6     105.1     112.6     110.1     110.4     114.5
