measure at 24 (mm)          NAW    AFR   NHV6MH   NHV6AN   CVD4MH   CVD4AN   CVD1MH   CVD1AN   KSI2MH   KSI2AN  NHV13MH  NHV13AN  NHV20MH  NHV20AN
face width zy-zy          137.0  137.0    133.5    134.3    130.7    130.2    142.5    142.6    148.4    140.4    137.8    138.0    144.2    144.8
face height n-gn          121.3  128.0    123.2    113.6    126.1    114.1    137.8    127.0    124.6    110.6    129.4    118.6    129.7    119.8
forehead height tr-n       67.1   72.0     68.7     69.4     63.3     63.4     66.8     67.2     68.3     64.5     69.4     69.9     66.7     67.4
nose height n-sn           54.8   51.5     51.7     48.5     51.9     50.4     52.7     50.2     52.8     49.7     52.5     50.2     52.1     49.0
lower face sn-me           72.6   77.5     71.5     65.1     74.2     63.6     85.1     76.8     71.8     60.9     76.9     68.4     77.6     70.7
upper lip sn-sto           22.3   25.8     23.4     23.5     25.1     24.2     24.6     24.2     23.6     21.9     25.3     24.9     23.7     23.7
lower lip+chin sto-me      50.3   51.7     48.1     41.6     49.1     39.4     60.5     52.6     48.3     39.0     51.6     43.6     53.9     47.1
intercanthal en-en         33.3   34.0     29.0     26.8     28.9     26.4     31.4     29.0     33.5     29.6     30.0     27.6     31.5     29.2
biocular ex-ex             91.2   97.5     91.8     94.9     92.5     92.0    100.1    101.5     97.2     95.4     95.9     97.3    100.2    102.9
eye width ex-en            31.3   33.5     31.4     34.1     31.8     32.8     34.4     36.3     31.9     32.9     33.0     34.8     34.4     36.8
nose width al-al           34.9   43.6     36.1     34.2     40.5     37.7     40.1     37.7     39.7     36.3     40.2     37.9     38.4     36.3
mouth width ch-ch          54.5   55.2     57.0     51.6     50.5     45.3     56.9     51.5     55.0     50.1     59.2     53.8     55.9     50.5
jaw width go-go            97.0  100.0     99.6    105.7    105.1    104.6    112.6    114.3    110.1    102.8    110.4    112.1    114.5    116.7
