measure at 24 (mm)          NAW    AFR   NHV6MH   NHV6AN   CVD4MH   CVD4AN   CVD1MH   CVD1AN   KSI2MH   KSI2AN  NHV13MH  NHV13AN  NHV20MH  NHV20AN
face width zy-zy          137.0  137.0    133.5    131.8    130.7    130.8    142.5    141.5    148.4    142.8    137.8    137.0    144.2    142.6
face height n-gn          121.3  128.0    123.2    119.8    126.1    121.5    137.8    135.1    124.6    120.2    129.4    125.8    129.7    126.8
forehead height tr-n       67.1   72.0     68.7     71.1     63.3     65.3     66.8     69.0     68.3     66.4     69.4     71.6     66.7     69.1
nose height n-sn           54.8   51.5     51.7     49.0     51.9     50.8     52.7     50.7     52.8     50.9     52.5     50.6     52.1     49.6
lower face sn-me           72.6   77.5     71.5     70.7     74.2     70.7     85.1     84.4     71.8     69.3     76.9     75.2     77.6     77.2
upper lip sn-sto           22.3   25.8     23.4     22.3     25.1     25.0     24.6     23.7     23.6     22.4     25.3     24.5     23.7     22.6
lower lip+chin sto-me      50.3   51.7     48.1     48.5     49.1     45.7     60.5     60.7     48.3     46.9     51.6     50.7     53.9     54.6
intercanthal en-en         33.3   34.0     29.0     26.1     28.9     26.4     31.4     28.6     33.5     29.9     30.0     27.3     31.5     28.6
biocular ex-ex             91.2   97.5     91.8     90.0     92.5     91.1    100.1     98.5     97.2     95.2     95.9     94.4    100.2     98.5
eye width ex-en            31.3   33.5     31.4     32.0     31.8     32.3     34.4     34.9     31.9     32.7     33.0     33.5     34.4     34.9
nose width al-al           34.9   43.6     36.1     35.7     40.5     40.3     40.1     40.1     39.7     38.5     40.2     39.9     38.4     38.1
mouth width ch-ch          54.5   55.2     57.0     54.3     50.5     50.5     56.9     56.2     55.0     56.6     59.2     56.6     55.9     55.1
jaw width go-go            97.0  100.0     99.6     97.6    105.1    101.1    112.6    107.3    110.1    105.7    110.4    106.3    114.5    107.4
